2021-05-27 18:08:28,860 gpu device = 0
2021-05-27 18:08:28,903 args = Namespace(arch_learning_rate=0.0003, arch_weight_decay=0.0, batch_size=64, cutout=False, cutout_length=16, data='../data', data_aug=11, drop_path_prob=0.3, epochs=150, gpu=0, grad_clip=5, init_channels=16, label_corrupt_prob=1.0, layers=8, learning_rate=0.025, learning_rate_min=0.001, model_path='saved_models', momentum=0.9, num_class=5000, report_freq=50, resume=False, save='eval-C100_L5000_RLSD-20210527-180827', seed=0, train_portion=0.5, unrolled=False, warm_up_epochs=5, weight_decay=0.0)
2021-05-27 18:08:32,918 param size = 3.213048MB
2021-05-27 18:08:57,370 epoch 0 lr 2.500000e-02
2021-05-27 18:08:57,371 genotype = Genotype(normal=[('avg_pool_3x3', 1), ('sep_conv_5x5', 0), ('dil_conv_3x3', 0), ('dil_conv_3x3', 2), ('dil_conv_3x3', 3), ('sep_conv_5x5', 2), ('dil_conv_3x3', 4), ('skip_connect', 0)], normal_concat=range(2, 6), reduce=[('max_pool_3x3', 1), ('sep_conv_5x5', 0), ('avg_pool_3x3', 0), ('sep_conv_3x3', 1), ('sep_conv_5x5', 3), ('dil_conv_3x3', 0), ('skip_connect', 0), ('sep_conv_3x3', 4)], reduce_concat=range(2, 6))
2021-05-27 18:08:57,371 normal_alphas = tensor([[0.1249, 0.1250, 0.1251, 0.1251, 0.1249, 0.1252, 0.1250, 0.1249],
        [0.1248, 0.1249, 0.1252, 0.1250, 0.1250, 0.1250, 0.1251, 0.1250],
        [0.1248, 0.1249, 0.1248, 0.1250, 0.1251, 0.1251, 0.1253, 0.1249],
        [0.1250, 0.1250, 0.1252, 0.1251, 0.1249, 0.1249, 0.1249, 0.1250],
        [0.1249, 0.1250, 0.1248, 0.1250, 0.1250, 0.1251, 0.1253, 0.1250],
        [0.1250, 0.1250, 0.1249, 0.1250, 0.1249, 0.1251, 0.1251, 0.1250],
        [0.1251, 0.1250, 0.1251, 0.1249, 0.1251, 0.1250, 0.1248, 0.1250],
        [0.1253, 0.1250, 0.1249, 0.1248, 0.1250, 0.1251, 0.1249, 0.1251],
        [0.1251, 0.1251, 0.1249, 0.1249, 0.1249, 0.1250, 0.1251, 0.1250],
        [0.1250, 0.1250, 0.1248, 0.1252, 0.1250, 0.1249, 0.1250, 0.1251],
        [0.1250, 0.1251, 0.1248, 0.1249, 0.1249, 0.1251, 0.1251, 0.1251],
        [0.1251, 0.1250, 0.1251, 0.1250, 0.1250, 0.1251, 0.1250, 0.1249],
        [0.1250, 0.1251, 0.1248, 0.1251, 0.1248, 0.1249, 0.1251, 0.1251],
        [0.1248, 0.1249, 0.1249, 0.1249, 0.1250, 0.1251, 0.1253, 0.1250]],
       device='cuda:0', grad_fn=<SoftmaxBackward>)
2021-05-27 18:08:57,382 reduce_alphas = tensor([[0.1249, 0.1250, 0.1251, 0.1251, 0.1249, 0.1252, 0.1250, 0.1249],
        [0.1248, 0.1249, 0.1252, 0.1250, 0.1250, 0.1250, 0.1251, 0.1250],
        [0.1248, 0.1249, 0.1248, 0.1250, 0.1251, 0.1251, 0.1253, 0.1249],
        [0.1250, 0.1250, 0.1252, 0.1251, 0.1249, 0.1249, 0.1249, 0.1250],
        [0.1249, 0.1250, 0.1248, 0.1250, 0.1250, 0.1251, 0.1253, 0.1250],
        [0.1250, 0.1250, 0.1249, 0.1250, 0.1249, 0.1251, 0.1251, 0.1250],
        [0.1251, 0.1250, 0.1251, 0.1249, 0.1251, 0.1250, 0.1248, 0.1250],
        [0.1253, 0.1250, 0.1249, 0.1248, 0.1250, 0.1251, 0.1249, 0.1251],
        [0.1251, 0.1251, 0.1249, 0.1249, 0.1249, 0.1250, 0.1251, 0.1250],
        [0.1250, 0.1250, 0.1248, 0.1252, 0.1250, 0.1249, 0.1250, 0.1251],
        [0.1250, 0.1251, 0.1248, 0.1249, 0.1249, 0.1251, 0.1251, 0.1251],
        [0.1251, 0.1250, 0.1251, 0.1250, 0.1250, 0.1251, 0.1250, 0.1249],
        [0.1250, 0.1251, 0.1248, 0.1251, 0.1248, 0.1249, 0.1251, 0.1251],
        [0.1248, 0.1249, 0.1249, 0.1249, 0.1250, 0.1251, 0.1253, 0.1250]],
       device='cuda:0', grad_fn=<SoftmaxBackward>)
2021-05-27 18:08:59,956 train 000 8.576778e+00 0.000000 0.000000
2021-05-27 18:09:52,099 train 050 8.596274e+00 0.000000 0.122549
2021-05-27 18:10:48,159 train 100 8.580395e+00 0.000000 0.139233
2021-05-27 18:12:25,207 train 150 8.567700e+00 0.020695 0.165563
2021-05-27 18:13:45,047 train 200 8.559743e+00 0.031095 0.155473
2021-05-27 18:15:06,918 train 250 8.554043e+00 0.024900 0.124502
2021-05-27 18:16:15,351 train 300 8.550223e+00 0.020764 0.109012
2021-05-27 18:17:07,108 train 350 8.546811e+00 0.022258 0.102386
2021-05-27 18:17:58,901 train 400 8.543706e+00 0.019483 0.120792
2021-05-27 18:18:51,313 train 450 8.541372e+00 0.017323 0.114329
2021-05-27 18:19:11,106 train_acc 0.016667
2021-05-27 18:19:11,525 valid 000 8.522740e+00 0.000000 0.000000
2021-05-27 18:19:20,448 valid 050 8.516445e+00 0.091912 0.183824
2021-05-27 18:19:29,100 valid 100 8.518044e+00 0.046411 0.123762
2021-05-27 18:19:37,911 valid 150 8.519920e+00 0.041391 0.124172
2021-05-27 18:19:46,747 valid 200 8.519598e+00 0.031095 0.116604
2021-05-27 18:19:55,599 valid 250 8.519383e+00 0.024900 0.118277
2021-05-27 18:20:04,495 valid 300 8.520106e+00 0.025955 0.129776
2021-05-27 18:20:13,415 valid 350 8.519842e+00 0.026709 0.124644
2021-05-27 18:20:22,370 valid 400 8.519701e+00 0.023379 0.120792
2021-05-27 18:20:31,226 valid 450 8.520044e+00 0.031181 0.135116
2021-05-27 18:20:34,433 valid_acc 0.030000
2021-05-27 18:20:35,314 epoch 1 lr 2.499737e-02
2021-05-27 18:20:35,315 genotype = Genotype(normal=[('avg_pool_3x3', 1), ('sep_conv_5x5', 0), ('dil_conv_3x3', 0), ('dil_conv_3x3', 2), ('dil_conv_3x3', 3), ('sep_conv_5x5', 2), ('dil_conv_3x3', 4), ('skip_connect', 0)], normal_concat=range(2, 6), reduce=[('max_pool_3x3', 1), ('sep_conv_5x5', 0), ('avg_pool_3x3', 0), ('sep_conv_3x3', 1), ('sep_conv_5x5', 3), ('dil_conv_3x3', 0), ('skip_connect', 0), ('sep_conv_3x3', 4)], reduce_concat=range(2, 6))
2021-05-27 18:20:35,315 normal_alphas = tensor([[0.1249, 0.1250, 0.1251, 0.1251, 0.1249, 0.1252, 0.1250, 0.1249],
        [0.1248, 0.1249, 0.1252, 0.1250, 0.1250, 0.1250, 0.1251, 0.1250],
        [0.1248, 0.1249, 0.1248, 0.1250, 0.1251, 0.1251, 0.1253, 0.1249],
        [0.1250, 0.1250, 0.1252, 0.1251, 0.1249, 0.1249, 0.1249, 0.1250],
        [0.1249, 0.1250, 0.1248, 0.1250, 0.1250, 0.1251, 0.1253, 0.1250],
        [0.1250, 0.1250, 0.1249, 0.1250, 0.1249, 0.1251, 0.1251, 0.1250],
        [0.1251, 0.1250, 0.1251, 0.1249, 0.1251, 0.1250, 0.1248, 0.1250],
        [0.1253, 0.1250, 0.1249, 0.1248, 0.1250, 0.1251, 0.1249, 0.1251],
        [0.1251, 0.1251, 0.1249, 0.1249, 0.1249, 0.1250, 0.1251, 0.1250],
        [0.1250, 0.1250, 0.1248, 0.1252, 0.1250, 0.1249, 0.1250, 0.1251],
        [0.1250, 0.1251, 0.1248, 0.1249, 0.1249, 0.1251, 0.1251, 0.1251],
        [0.1251, 0.1250, 0.1251, 0.1250, 0.1250, 0.1251, 0.1250, 0.1249],
        [0.1250, 0.1251, 0.1248, 0.1251, 0.1248, 0.1249, 0.1251, 0.1251],
        [0.1248, 0.1249, 0.1249, 0.1249, 0.1250, 0.1251, 0.1253, 0.1250]],
       device='cuda:0', grad_fn=<SoftmaxBackward>)
2021-05-27 18:20:35,325 reduce_alphas = tensor([[0.1249, 0.1250, 0.1251, 0.1251, 0.1249, 0.1252, 0.1250, 0.1249],
        [0.1248, 0.1249, 0.1252, 0.1250, 0.1250, 0.1250, 0.1251, 0.1250],
        [0.1248, 0.1249, 0.1248, 0.1250, 0.1251, 0.1251, 0.1253, 0.1249],
        [0.1250, 0.1250, 0.1252, 0.1251, 0.1249, 0.1249, 0.1249, 0.1250],
        [0.1249, 0.1250, 0.1248, 0.1250, 0.1250, 0.1251, 0.1253, 0.1250],
        [0.1250, 0.1250, 0.1249, 0.1250, 0.1249, 0.1251, 0.1251, 0.1250],
        [0.1251, 0.1250, 0.1251, 0.1249, 0.1251, 0.1250, 0.1248, 0.1250],
        [0.1253, 0.1250, 0.1249, 0.1248, 0.1250, 0.1251, 0.1249, 0.1251],
        [0.1251, 0.1251, 0.1249, 0.1249, 0.1249, 0.1250, 0.1251, 0.1250],
        [0.1250, 0.1250, 0.1248, 0.1252, 0.1250, 0.1249, 0.1250, 0.1251],
        [0.1250, 0.1251, 0.1248, 0.1249, 0.1249, 0.1251, 0.1251, 0.1251],
        [0.1251, 0.1250, 0.1251, 0.1250, 0.1250, 0.1251, 0.1250, 0.1249],
        [0.1250, 0.1251, 0.1248, 0.1251, 0.1248, 0.1249, 0.1251, 0.1251],
        [0.1248, 0.1249, 0.1249, 0.1249, 0.1250, 0.1251, 0.1253, 0.1250]],
       device='cuda:0', grad_fn=<SoftmaxBackward>)
2021-05-27 18:20:37,048 train 000 8.474938e+00 0.000000 0.000000
2021-05-27 18:21:28,938 train 050 8.482744e+00 0.091912 0.214461
2021-05-27 18:22:21,023 train 100 8.481052e+00 0.061881 0.247525
2021-05-27 18:23:13,006 train 150 8.483957e+00 0.062086 0.248344
2021-05-27 18:24:05,663 train 200 8.483224e+00 0.054415 0.248756
2021-05-27 18:24:57,696 train 250 8.482220e+00 0.062251 0.230329
2021-05-27 18:25:50,459 train 300 8.483611e+00 0.057101 0.233596
2021-05-27 18:26:46,672 train 350 8.482136e+00 0.053419 0.231481
2021-05-27 18:27:38,940 train 400 8.482916e+00 0.050655 0.218204
2021-05-27 18:28:30,931 train 450 8.483501e+00 0.051968 0.221729
2021-05-27 18:28:49,784 train_acc 0.050000
2021-05-27 18:28:50,216 valid 000 8.521024e+00 0.000000 0.000000
2021-05-27 18:28:59,405 valid 050 8.527831e+00 0.091912 0.214461
2021-05-27 18:29:08,440 valid 100 8.527497e+00 0.061881 0.185644
2021-05-27 18:29:17,511 valid 150 8.530869e+00 0.062086 0.196606
2021-05-27 18:29:26,492 valid 200 8.529833e+00 0.046642 0.171020
2021-05-27 18:29:35,490 valid 250 8.530388e+00 0.043576 0.161853
2021-05-27 18:29:44,494 valid 300 8.531205e+00 0.041528 0.166113
2021-05-27 18:29:53,520 valid 350 8.531858e+00 0.044516 0.164708
2021-05-27 18:30:02,576 valid 400 8.531210e+00 0.046758 0.167550
2021-05-27 18:30:11,566 valid 450 8.531390e+00 0.045039 0.159368
2021-05-27 18:30:14,853 valid_acc 0.043333
2021-05-27 18:30:15,341 epoch 2 lr 2.498947e-02
2021-05-27 18:30:15,343 genotype = Genotype(normal=[('avg_pool_3x3', 1), ('sep_conv_5x5', 0), ('dil_conv_3x3', 0), ('dil_conv_3x3', 2), ('dil_conv_3x3', 3), ('sep_conv_5x5', 2), ('dil_conv_3x3', 4), ('skip_connect', 0)], normal_concat=range(2, 6), reduce=[('max_pool_3x3', 1), ('sep_conv_5x5', 0), ('avg_pool_3x3', 0), ('sep_conv_3x3', 1), ('sep_conv_5x5', 3), ('dil_conv_3x3', 0), ('skip_connect', 0), ('sep_conv_3x3', 4)], reduce_concat=range(2, 6))
2021-05-27 18:30:15,343 normal_alphas = tensor([[0.1249, 0.1250, 0.1251, 0.1251, 0.1249, 0.1252, 0.1250, 0.1249],
        [0.1248, 0.1249, 0.1252, 0.1250, 0.1250, 0.1250, 0.1251, 0.1250],
        [0.1248, 0.1249, 0.1248, 0.1250, 0.1251, 0.1251, 0.1253, 0.1249],
        [0.1250, 0.1250, 0.1252, 0.1251, 0.1249, 0.1249, 0.1249, 0.1250],
        [0.1249, 0.1250, 0.1248, 0.1250, 0.1250, 0.1251, 0.1253, 0.1250],
        [0.1250, 0.1250, 0.1249, 0.1250, 0.1249, 0.1251, 0.1251, 0.1250],
        [0.1251, 0.1250, 0.1251, 0.1249, 0.1251, 0.1250, 0.1248, 0.1250],
        [0.1253, 0.1250, 0.1249, 0.1248, 0.1250, 0.1251, 0.1249, 0.1251],
        [0.1251, 0.1251, 0.1249, 0.1249, 0.1249, 0.1250, 0.1251, 0.1250],
        [0.1250, 0.1250, 0.1248, 0.1252, 0.1250, 0.1249, 0.1250, 0.1251],
        [0.1250, 0.1251, 0.1248, 0.1249, 0.1249, 0.1251, 0.1251, 0.1251],
        [0.1251, 0.1250, 0.1251, 0.1250, 0.1250, 0.1251, 0.1250, 0.1249],
        [0.1250, 0.1251, 0.1248, 0.1251, 0.1248, 0.1249, 0.1251, 0.1251],
        [0.1248, 0.1249, 0.1249, 0.1249, 0.1250, 0.1251, 0.1253, 0.1250]],
       device='cuda:0', grad_fn=<SoftmaxBackward>)
2021-05-27 18:30:15,353 reduce_alphas = tensor([[0.1249, 0.1250, 0.1251, 0.1251, 0.1249, 0.1252, 0.1250, 0.1249],
        [0.1248, 0.1249, 0.1252, 0.1250, 0.1250, 0.1250, 0.1251, 0.1250],
        [0.1248, 0.1249, 0.1248, 0.1250, 0.1251, 0.1251, 0.1253, 0.1249],
        [0.1250, 0.1250, 0.1252, 0.1251, 0.1249, 0.1249, 0.1249, 0.1250],
        [0.1249, 0.1250, 0.1248, 0.1250, 0.1250, 0.1251, 0.1253, 0.1250],
        [0.1250, 0.1250, 0.1249, 0.1250, 0.1249, 0.1251, 0.1251, 0.1250],
        [0.1251, 0.1250, 0.1251, 0.1249, 0.1251, 0.1250, 0.1248, 0.1250],
        [0.1253, 0.1250, 0.1249, 0.1248, 0.1250, 0.1251, 0.1249, 0.1251],
        [0.1251, 0.1251, 0.1249, 0.1249, 0.1249, 0.1250, 0.1251, 0.1250],
        [0.1250, 0.1250, 0.1248, 0.1252, 0.1250, 0.1249, 0.1250, 0.1251],
        [0.1250, 0.1251, 0.1248, 0.1249, 0.1249, 0.1251, 0.1251, 0.1251],
        [0.1251, 0.1250, 0.1251, 0.1250, 0.1250, 0.1251, 0.1250, 0.1249],
        [0.1250, 0.1251, 0.1248, 0.1251, 0.1248, 0.1249, 0.1251, 0.1251],
        [0.1248, 0.1249, 0.1249, 0.1249, 0.1250, 0.1251, 0.1253, 0.1250]],
       device='cuda:0', grad_fn=<SoftmaxBackward>)
2021-05-27 18:30:16,646 train 000 8.410197e+00 0.000000 1.562500
2021-05-27 18:31:09,272 train 050 8.381046e+00 0.061275 0.704657
2021-05-27 18:32:01,379 train 100 8.370483e+00 0.123762 0.696163
2021-05-27 18:32:53,567 train 150 8.371274e+00 0.134520 0.589818
2021-05-27 18:33:45,782 train 200 8.377094e+00 0.116604 0.559701
2021-05-27 18:34:38,171 train 250 8.384619e+00 0.099602 0.516683
2021-05-27 18:35:30,246 train 300 8.389275e+00 0.098630 0.493148
2021-05-27 18:36:22,859 train 350 8.392244e+00 0.093483 0.476318
2021-05-27 18:37:14,927 train 400 8.396063e+00 0.093516 0.440305
2021-05-27 18:38:07,701 train 450 8.398955e+00 0.086613 0.422672
2021-05-27 18:38:26,688 train_acc 0.083333
2021-05-27 18:38:27,121 valid 000 8.574872e+00 0.000000 0.000000
2021-05-27 18:38:36,098 valid 050 8.595722e+00 0.030637 0.122549
2021-05-27 18:38:44,995 valid 100 8.602584e+00 0.046411 0.123762
2021-05-27 18:38:54,009 valid 150 8.606311e+00 0.041391 0.113825
2021-05-27 18:39:02,921 valid 200 8.607150e+00 0.046642 0.124378
2021-05-27 18:39:11,922 valid 250 8.609289e+00 0.037351 0.130727
2021-05-27 18:39:20,618 valid 300 8.608484e+00 0.031146 0.129776
2021-05-27 18:39:30,174 valid 350 8.610297e+00 0.026709 0.124644
2021-05-27 18:39:39,634 valid 400 8.610023e+00 0.031172 0.132481
2021-05-27 18:39:49,269 valid 450 8.609384e+00 0.041574 0.155904
2021-05-27 18:39:52,708 valid_acc 0.043333
2021-05-27 18:39:53,141 epoch 3 lr 2.497632e-02
2021-05-27 18:39:53,143 genotype = Genotype(normal=[('avg_pool_3x3', 1), ('sep_conv_5x5', 0), ('dil_conv_3x3', 0), ('dil_conv_3x3', 2), ('dil_conv_3x3', 3), ('sep_conv_5x5', 2), ('dil_conv_3x3', 4), ('skip_connect', 0)], normal_concat=range(2, 6), reduce=[('max_pool_3x3', 1), ('sep_conv_5x5', 0), ('avg_pool_3x3', 0), ('sep_conv_3x3', 1), ('sep_conv_5x5', 3), ('dil_conv_3x3', 0), ('skip_connect', 0), ('sep_conv_3x3', 4)], reduce_concat=range(2, 6))
2021-05-27 18:39:53,143 normal_alphas = tensor([[0.1249, 0.1250, 0.1251, 0.1251, 0.1249, 0.1252, 0.1250, 0.1249],
        [0.1248, 0.1249, 0.1252, 0.1250, 0.1250, 0.1250, 0.1251, 0.1250],
        [0.1248, 0.1249, 0.1248, 0.1250, 0.1251, 0.1251, 0.1253, 0.1249],
        [0.1250, 0.1250, 0.1252, 0.1251, 0.1249, 0.1249, 0.1249, 0.1250],
        [0.1249, 0.1250, 0.1248, 0.1250, 0.1250, 0.1251, 0.1253, 0.1250],
        [0.1250, 0.1250, 0.1249, 0.1250, 0.1249, 0.1251, 0.1251, 0.1250],
        [0.1251, 0.1250, 0.1251, 0.1249, 0.1251, 0.1250, 0.1248, 0.1250],
        [0.1253, 0.1250, 0.1249, 0.1248, 0.1250, 0.1251, 0.1249, 0.1251],
        [0.1251, 0.1251, 0.1249, 0.1249, 0.1249, 0.1250, 0.1251, 0.1250],
        [0.1250, 0.1250, 0.1248, 0.1252, 0.1250, 0.1249, 0.1250, 0.1251],
        [0.1250, 0.1251, 0.1248, 0.1249, 0.1249, 0.1251, 0.1251, 0.1251],
        [0.1251, 0.1250, 0.1251, 0.1250, 0.1250, 0.1251, 0.1250, 0.1249],
        [0.1250, 0.1251, 0.1248, 0.1251, 0.1248, 0.1249, 0.1251, 0.1251],
        [0.1248, 0.1249, 0.1249, 0.1249, 0.1250, 0.1251, 0.1253, 0.1250]],
       device='cuda:0', grad_fn=<SoftmaxBackward>)
2021-05-27 18:39:53,159 reduce_alphas = tensor([[0.1249, 0.1250, 0.1251, 0.1251, 0.1249, 0.1252, 0.1250, 0.1249],
        [0.1248, 0.1249, 0.1252, 0.1250, 0.1250, 0.1250, 0.1251, 0.1250],
        [0.1248, 0.1249, 0.1248, 0.1250, 0.1251, 0.1251, 0.1253, 0.1249],
        [0.1250, 0.1250, 0.1252, 0.1251, 0.1249, 0.1249, 0.1249, 0.1250],
        [0.1249, 0.1250, 0.1248, 0.1250, 0.1250, 0.1251, 0.1253, 0.1250],
        [0.1250, 0.1250, 0.1249, 0.1250, 0.1249, 0.1251, 0.1251, 0.1250],
        [0.1251, 0.1250, 0.1251, 0.1249, 0.1251, 0.1250, 0.1248, 0.1250],
        [0.1253, 0.1250, 0.1249, 0.1248, 0.1250, 0.1251, 0.1249, 0.1251],
        [0.1251, 0.1251, 0.1249, 0.1249, 0.1249, 0.1250, 0.1251, 0.1250],
        [0.1250, 0.1250, 0.1248, 0.1252, 0.1250, 0.1249, 0.1250, 0.1251],
        [0.1250, 0.1251, 0.1248, 0.1249, 0.1249, 0.1251, 0.1251, 0.1251],
        [0.1251, 0.1250, 0.1251, 0.1250, 0.1250, 0.1251, 0.1250, 0.1249],
        [0.1250, 0.1251, 0.1248, 0.1251, 0.1248, 0.1249, 0.1251, 0.1251],
        [0.1248, 0.1249, 0.1249, 0.1249, 0.1250, 0.1251, 0.1253, 0.1250]],
       device='cuda:0', grad_fn=<SoftmaxBackward>)
2021-05-27 18:39:54,516 train 000 8.286925e+00 0.000000 0.000000
2021-05-27 18:40:49,654 train 050 8.179310e+00 0.367647 1.011029
2021-05-27 18:41:43,728 train 100 8.181107e+00 0.293936 0.928218
2021-05-27 18:42:35,752 train 150 8.191767e+00 0.217301 0.765728
2021-05-27 18:43:28,199 train 200 8.203150e+00 0.186567 0.691853
2021-05-27 18:44:20,634 train 250 8.217902e+00 0.174303 0.678536
2021-05-27 18:45:12,427 train 300 8.230436e+00 0.171304 0.648879
2021-05-27 18:46:04,481 train 350 8.240980e+00 0.160256 0.623219
2021-05-27 18:46:56,272 train 400 8.250304e+00 0.159757 0.627338
2021-05-27 18:47:48,839 train 450 8.257386e+00 0.145510 0.602827
2021-05-27 18:48:07,898 train_acc 0.140000
2021-05-27 18:48:08,330 valid 000 8.800707e+00 0.000000 0.000000
2021-05-27 18:48:17,410 valid 050 8.716992e+00 0.000000 0.183824
2021-05-27 18:48:26,213 valid 100 8.723240e+00 0.015470 0.216584
2021-05-27 18:48:35,132 valid 150 8.721366e+00 0.020695 0.186258
2021-05-27 18:48:43,885 valid 200 8.723967e+00 0.038868 0.202114
2021-05-27 18:48:52,615 valid 250 8.718579e+00 0.037351 0.199203
2021-05-27 18:49:01,435 valid 300 8.713656e+00 0.041528 0.181686
2021-05-27 18:49:10,512 valid 350 8.712712e+00 0.040064 0.191417
2021-05-27 18:49:19,421 valid 400 8.712686e+00 0.046758 0.190929
2021-05-27 18:49:28,396 valid 450 8.712068e+00 0.045039 0.183620
2021-05-27 18:49:31,678 valid_acc 0.043333
2021-05-27 18:49:32,048 epoch 4 lr 2.495791e-02
2021-05-27 18:49:32,050 genotype = Genotype(normal=[('avg_pool_3x3', 1), ('sep_conv_5x5', 0), ('dil_conv_3x3', 0), ('dil_conv_3x3', 2), ('dil_conv_3x3', 3), ('sep_conv_5x5', 2), ('dil_conv_3x3', 4), ('skip_connect', 0)], normal_concat=range(2, 6), reduce=[('max_pool_3x3', 1), ('sep_conv_5x5', 0), ('avg_pool_3x3', 0), ('sep_conv_3x3', 1), ('sep_conv_5x5', 3), ('dil_conv_3x3', 0), ('skip_connect', 0), ('sep_conv_3x3', 4)], reduce_concat=range(2, 6))
2021-05-27 18:49:32,051 normal_alphas = tensor([[0.1249, 0.1250, 0.1251, 0.1251, 0.1249, 0.1252, 0.1250, 0.1249],
        [0.1248, 0.1249, 0.1252, 0.1250, 0.1250, 0.1250, 0.1251, 0.1250],
        [0.1248, 0.1249, 0.1248, 0.1250, 0.1251, 0.1251, 0.1253, 0.1249],
        [0.1250, 0.1250, 0.1252, 0.1251, 0.1249, 0.1249, 0.1249, 0.1250],
        [0.1249, 0.1250, 0.1248, 0.1250, 0.1250, 0.1251, 0.1253, 0.1250],
        [0.1250, 0.1250, 0.1249, 0.1250, 0.1249, 0.1251, 0.1251, 0.1250],
        [0.1251, 0.1250, 0.1251, 0.1249, 0.1251, 0.1250, 0.1248, 0.1250],
        [0.1253, 0.1250, 0.1249, 0.1248, 0.1250, 0.1251, 0.1249, 0.1251],
        [0.1251, 0.1251, 0.1249, 0.1249, 0.1249, 0.1250, 0.1251, 0.1250],
        [0.1250, 0.1250, 0.1248, 0.1252, 0.1250, 0.1249, 0.1250, 0.1251],
        [0.1250, 0.1251, 0.1248, 0.1249, 0.1249, 0.1251, 0.1251, 0.1251],
        [0.1251, 0.1250, 0.1251, 0.1250, 0.1250, 0.1251, 0.1250, 0.1249],
        [0.1250, 0.1251, 0.1248, 0.1251, 0.1248, 0.1249, 0.1251, 0.1251],
        [0.1248, 0.1249, 0.1249, 0.1249, 0.1250, 0.1251, 0.1253, 0.1250]],
       device='cuda:0', grad_fn=<SoftmaxBackward>)
2021-05-27 18:49:32,066 reduce_alphas = tensor([[0.1249, 0.1250, 0.1251, 0.1251, 0.1249, 0.1252, 0.1250, 0.1249],
        [0.1248, 0.1249, 0.1252, 0.1250, 0.1250, 0.1250, 0.1251, 0.1250],
        [0.1248, 0.1249, 0.1248, 0.1250, 0.1251, 0.1251, 0.1253, 0.1249],
        [0.1250, 0.1250, 0.1252, 0.1251, 0.1249, 0.1249, 0.1249, 0.1250],
        [0.1249, 0.1250, 0.1248, 0.1250, 0.1250, 0.1251, 0.1253, 0.1250],
        [0.1250, 0.1250, 0.1249, 0.1250, 0.1249, 0.1251, 0.1251, 0.1250],
        [0.1251, 0.1250, 0.1251, 0.1249, 0.1251, 0.1250, 0.1248, 0.1250],
        [0.1253, 0.1250, 0.1249, 0.1248, 0.1250, 0.1251, 0.1249, 0.1251],
        [0.1251, 0.1251, 0.1249, 0.1249, 0.1249, 0.1250, 0.1251, 0.1250],
        [0.1250, 0.1250, 0.1248, 0.1252, 0.1250, 0.1249, 0.1250, 0.1251],
        [0.1250, 0.1251, 0.1248, 0.1249, 0.1249, 0.1251, 0.1251, 0.1251],
        [0.1251, 0.1250, 0.1251, 0.1250, 0.1250, 0.1251, 0.1250, 0.1249],
        [0.1250, 0.1251, 0.1248, 0.1251, 0.1248, 0.1249, 0.1251, 0.1251],
        [0.1248, 0.1249, 0.1249, 0.1249, 0.1250, 0.1251, 0.1253, 0.1250]],
       device='cuda:0', grad_fn=<SoftmaxBackward>)
2021-05-27 18:49:33,294 train 000 8.122784e+00 0.000000 0.000000
2021-05-27 18:50:25,504 train 050 7.940265e+00 0.459559 1.685049
2021-05-27 18:51:17,652 train 100 7.959851e+00 0.324876 1.345916
2021-05-27 18:52:09,785 train 150 7.976796e+00 0.310430 1.303808
2021-05-27 18:53:01,803 train 200 8.001931e+00 0.272077 1.243781
2021-05-27 18:53:57,492 train 250 8.017619e+00 0.236554 1.139193
2021-05-27 18:54:49,960 train 300 8.038242e+00 0.233596 1.079734
2021-05-27 18:55:42,004 train 350 8.056567e+00 0.209224 1.019409
2021-05-27 18:56:34,452 train 400 8.071882e+00 0.210411 0.985817
2021-05-27 18:57:26,552 train 450 8.082017e+00 0.204407 0.973531
2021-05-27 18:57:45,372 train_acc 0.200000
2021-05-27 18:57:45,771 valid 000 8.960286e+00 0.000000 0.000000
2021-05-27 18:57:54,754 valid 050 8.877867e+00 0.030637 0.245098
2021-05-27 18:58:03,693 valid 100 8.884501e+00 0.015470 0.201114
2021-05-27 18:58:12,700 valid 150 8.895443e+00 0.020695 0.155215
2021-05-27 18:58:21,724 valid 200 8.896253e+00 0.023321 0.124378
2021-05-27 18:58:30,540 valid 250 8.901924e+00 0.031125 0.124502
2021-05-27 18:58:39,505 valid 300 8.896477e+00 0.025955 0.124585
2021-05-27 18:58:48,466 valid 350 8.896838e+00 0.031161 0.124644
2021-05-27 18:58:57,545 valid 400 8.895186e+00 0.035069 0.132481
2021-05-27 18:59:06,632 valid 450 8.890520e+00 0.034645 0.138581
2021-05-27 18:59:09,983 valid_acc 0.033333
2021-05-27 18:59:10,466 epoch 5 lr 2.493426e-02
2021-05-27 18:59:10,467 genotype = Genotype(normal=[('avg_pool_3x3', 1), ('sep_conv_5x5', 0), ('dil_conv_3x3', 0), ('dil_conv_3x3', 2), ('dil_conv_3x3', 3), ('sep_conv_5x5', 2), ('dil_conv_3x3', 4), ('skip_connect', 0)], normal_concat=range(2, 6), reduce=[('max_pool_3x3', 1), ('sep_conv_5x5', 0), ('avg_pool_3x3', 0), ('sep_conv_3x3', 1), ('sep_conv_5x5', 3), ('dil_conv_3x3', 0), ('skip_connect', 0), ('sep_conv_3x3', 4)], reduce_concat=range(2, 6))
2021-05-27 18:59:10,468 normal_alphas = tensor([[0.1249, 0.1250, 0.1251, 0.1251, 0.1249, 0.1252, 0.1250, 0.1249],
        [0.1248, 0.1249, 0.1252, 0.1250, 0.1250, 0.1250, 0.1251, 0.1250],
        [0.1248, 0.1249, 0.1248, 0.1250, 0.1251, 0.1251, 0.1253, 0.1249],
        [0.1250, 0.1250, 0.1252, 0.1251, 0.1249, 0.1249, 0.1249, 0.1250],
        [0.1249, 0.1250, 0.1248, 0.1250, 0.1250, 0.1251, 0.1253, 0.1250],
        [0.1250, 0.1250, 0.1249, 0.1250, 0.1249, 0.1251, 0.1251, 0.1250],
        [0.1251, 0.1250, 0.1251, 0.1249, 0.1251, 0.1250, 0.1248, 0.1250],
        [0.1253, 0.1250, 0.1249, 0.1248, 0.1250, 0.1251, 0.1249, 0.1251],
        [0.1251, 0.1251, 0.1249, 0.1249, 0.1249, 0.1250, 0.1251, 0.1250],
        [0.1250, 0.1250, 0.1248, 0.1252, 0.1250, 0.1249, 0.1250, 0.1251],
        [0.1250, 0.1251, 0.1248, 0.1249, 0.1249, 0.1251, 0.1251, 0.1251],
        [0.1251, 0.1250, 0.1251, 0.1250, 0.1250, 0.1251, 0.1250, 0.1249],
        [0.1250, 0.1251, 0.1248, 0.1251, 0.1248, 0.1249, 0.1251, 0.1251],
        [0.1248, 0.1249, 0.1249, 0.1249, 0.1250, 0.1251, 0.1253, 0.1250]],
       device='cuda:0', grad_fn=<SoftmaxBackward>)
2021-05-27 18:59:10,478 reduce_alphas = tensor([[0.1249, 0.1250, 0.1251, 0.1251, 0.1249, 0.1252, 0.1250, 0.1249],
        [0.1248, 0.1249, 0.1252, 0.1250, 0.1250, 0.1250, 0.1251, 0.1250],
        [0.1248, 0.1249, 0.1248, 0.1250, 0.1251, 0.1251, 0.1253, 0.1249],
        [0.1250, 0.1250, 0.1252, 0.1251, 0.1249, 0.1249, 0.1249, 0.1250],
        [0.1249, 0.1250, 0.1248, 0.1250, 0.1250, 0.1251, 0.1253, 0.1250],
        [0.1250, 0.1250, 0.1249, 0.1250, 0.1249, 0.1251, 0.1251, 0.1250],
        [0.1251, 0.1250, 0.1251, 0.1249, 0.1251, 0.1250, 0.1248, 0.1250],
        [0.1253, 0.1250, 0.1249, 0.1248, 0.1250, 0.1251, 0.1249, 0.1251],
        [0.1251, 0.1251, 0.1249, 0.1249, 0.1249, 0.1250, 0.1251, 0.1250],
        [0.1250, 0.1250, 0.1248, 0.1252, 0.1250, 0.1249, 0.1250, 0.1251],
        [0.1250, 0.1251, 0.1248, 0.1249, 0.1249, 0.1251, 0.1251, 0.1251],
        [0.1251, 0.1250, 0.1251, 0.1250, 0.1250, 0.1251, 0.1250, 0.1249],
        [0.1250, 0.1251, 0.1248, 0.1251, 0.1248, 0.1249, 0.1251, 0.1251],
        [0.1248, 0.1249, 0.1249, 0.1249, 0.1250, 0.1251, 0.1253, 0.1250]],
       device='cuda:0', grad_fn=<SoftmaxBackward>)
2021-05-27 18:59:12,356 train 000 7.890682e+00 0.000000 0.000000
2021-05-27 19:00:34,115 train 050 7.704917e+00 0.704657 2.389706
2021-05-27 19:01:55,194 train 100 7.718260e+00 0.618812 2.181312
2021-05-27 19:03:16,693 train 150 7.748393e+00 0.538079 1.935017
2021-05-27 19:04:38,044 train 200 7.775551e+00 0.474192 1.741294
2021-05-27 19:05:58,824 train 250 7.803944e+00 0.429532 1.668327
2021-05-27 19:07:20,299 train 300 7.830842e+00 0.389327 1.536545
2021-05-27 19:08:41,208 train 350 7.850705e+00 0.360577 1.460114
2021-05-27 19:10:02,638 train 400 7.868729e+00 0.338996 1.391054
2021-05-27 19:11:23,904 train 450 7.887841e+00 0.311807 1.323448
2021-05-27 19:11:53,175 train_acc 0.303333
2021-05-27 19:11:53,611 valid 000 8.979438e+00 0.000000 0.000000
2021-05-27 19:12:02,651 valid 050 8.919523e+00 0.030637 0.122549
2021-05-27 19:12:11,437 valid 100 8.920370e+00 0.030941 0.108292
2021-05-27 19:12:20,230 valid 150 8.913340e+00 0.031043 0.144868
2021-05-27 19:12:29,201 valid 200 8.916248e+00 0.031095 0.139925
2021-05-27 19:12:38,237 valid 250 8.913430e+00 0.043576 0.149402
2021-05-27 19:12:47,411 valid 300 8.909987e+00 0.041528 0.150540
2021-05-27 19:12:56,415 valid 350 8.911015e+00 0.040064 0.146902
2021-05-27 19:13:05,369 valid 400 8.912137e+00 0.046758 0.140274
2021-05-27 19:13:14,312 valid 450 8.907770e+00 0.041574 0.135116
2021-05-27 19:13:17,628 valid_acc 0.040000
2021-05-27 19:13:18,100 epoch 6 lr 2.490538e-02
2021-05-27 19:13:18,102 genotype = Genotype(normal=[('sep_conv_3x3', 1), ('sep_conv_3x3', 0), ('sep_conv_3x3', 0), ('sep_conv_3x3', 1), ('dil_conv_3x3', 3), ('dil_conv_3x3', 2), ('dil_conv_3x3', 4), ('dil_conv_3x3', 2)], normal_concat=range(2, 6), reduce=[('avg_pool_3x3', 1), ('max_pool_3x3', 0), ('skip_connect', 2), ('max_pool_3x3', 1), ('skip_connect', 2), ('max_pool_3x3', 1), ('skip_connect', 2), ('avg_pool_3x3', 1)], reduce_concat=range(2, 6))
2021-05-27 19:13:18,102 normal_alphas = tensor([[0.1391, 0.1103, 0.1107, 0.1227, 0.1309, 0.1274, 0.1283, 0.1307],
        [0.1405, 0.1095, 0.1106, 0.1167, 0.1371, 0.1278, 0.1313, 0.1265],
        [0.1394, 0.1092, 0.1085, 0.1120, 0.1363, 0.1338, 0.1303, 0.1304],
        [0.1417, 0.1090, 0.1094, 0.1120, 0.1362, 0.1304, 0.1333, 0.1280],
        [0.1399, 0.1067, 0.1066, 0.1080, 0.1361, 0.1352, 0.1341, 0.1335],
        [0.1407, 0.1078, 0.1076, 0.1094, 0.1369, 0.1310, 0.1320, 0.1345],
        [0.1408, 0.1070, 0.1071, 0.1076, 0.1342, 0.1336, 0.1342, 0.1354],
        [0.1403, 0.1061, 0.1060, 0.1062, 0.1356, 0.1338, 0.1370, 0.1350],
        [0.1402, 0.1061, 0.1059, 0.1062, 0.1326, 0.1358, 0.1378, 0.1355],
        [0.1399, 0.1068, 0.1064, 0.1076, 0.1353, 0.1327, 0.1359, 0.1353],
        [0.1407, 0.1064, 0.1062, 0.1066, 0.1331, 0.1338, 0.1362, 0.1371],
        [0.1399, 0.1058, 0.1058, 0.1061, 0.1350, 0.1337, 0.1376, 0.1361],
        [0.1401, 0.1060, 0.1057, 0.1064, 0.1364, 0.1354, 0.1337, 0.1363],
        [0.1391, 0.1053, 0.1053, 0.1057, 0.1344, 0.1372, 0.1376, 0.1354]],
       device='cuda:0', grad_fn=<SoftmaxBackward>)
2021-05-27 19:13:18,113 reduce_alphas = tensor([[0.1391, 0.1103, 0.1107, 0.1227, 0.1309, 0.1274, 0.1283, 0.1307],
        [0.1405, 0.1095, 0.1106, 0.1167, 0.1371, 0.1278, 0.1313, 0.1265],
        [0.1394, 0.1092, 0.1085, 0.1120, 0.1363, 0.1338, 0.1303, 0.1304],
        [0.1417, 0.1090, 0.1094, 0.1120, 0.1362, 0.1304, 0.1333, 0.1280],
        [0.1399, 0.1067, 0.1066, 0.1080, 0.1361, 0.1352, 0.1341, 0.1335],
        [0.1407, 0.1078, 0.1076, 0.1094, 0.1369, 0.1310, 0.1320, 0.1345],
        [0.1408, 0.1070, 0.1071, 0.1076, 0.1342, 0.1336, 0.1342, 0.1354],
        [0.1403, 0.1061, 0.1060, 0.1062, 0.1356, 0.1338, 0.1370, 0.1350],
        [0.1402, 0.1061, 0.1059, 0.1062, 0.1326, 0.1358, 0.1378, 0.1355],
        [0.1399, 0.1068, 0.1064, 0.1076, 0.1353, 0.1327, 0.1359, 0.1353],
        [0.1407, 0.1064, 0.1062, 0.1066, 0.1331, 0.1338, 0.1362, 0.1371],
        [0.1399, 0.1058, 0.1058, 0.1061, 0.1350, 0.1337, 0.1376, 0.1361],
        [0.1401, 0.1060, 0.1057, 0.1064, 0.1364, 0.1354, 0.1337, 0.1363],
        [0.1391, 0.1053, 0.1053, 0.1057, 0.1344, 0.1372, 0.1376, 0.1354]],
       device='cuda:0', grad_fn=<SoftmaxBackward>)
2021-05-27 19:13:19,924 train 000 7.608370e+00 1.562500 3.125000
2021-05-27 19:14:41,325 train 050 7.482859e+00 0.857843 3.063725
2021-05-27 19:16:02,779 train 100 7.501459e+00 0.758045 2.846535
2021-05-27 19:17:23,849 train 150 7.526193e+00 0.713990 2.700745
2021-05-27 19:18:48,315 train 200 7.555817e+00 0.614117 2.456468
2021-05-27 19:20:10,005 train 250 7.585863e+00 0.585159 2.284612
2021-05-27 19:21:31,550 train 300 7.611582e+00 0.539867 2.128322
2021-05-27 19:22:52,344 train 350 7.634738e+00 0.498575 2.052172
2021-05-27 19:24:13,652 train 400 7.657594e+00 0.463685 1.959944
2021-05-27 19:25:34,981 train 450 7.679991e+00 0.446924 1.877772
2021-05-27 19:26:04,186 train_acc 0.440000
2021-05-27 19:26:04,778 valid 000 8.914081e+00 0.000000 0.000000
2021-05-27 19:26:14,488 valid 050 9.057672e+00 0.153186 0.183824
2021-05-27 19:26:23,940 valid 100 9.045485e+00 0.077351 0.139233
2021-05-27 19:26:33,331 valid 150 9.043716e+00 0.051738 0.134520
2021-05-27 19:26:42,562 valid 200 9.043796e+00 0.046642 0.124378
2021-05-27 19:26:51,597 valid 250 9.050728e+00 0.049801 0.130727
2021-05-27 19:27:00,539 valid 300 9.054612e+00 0.041528 0.119394
2021-05-27 19:27:09,559 valid 350 9.053783e+00 0.044516 0.129095
2021-05-27 19:27:18,649 valid 400 9.054521e+00 0.038965 0.132481
2021-05-27 19:27:27,554 valid 450 9.051280e+00 0.034645 0.128187
2021-05-27 19:27:30,859 valid_acc 0.036667
2021-05-27 19:27:31,241 epoch 7 lr 2.487127e-02
2021-05-27 19:27:31,242 genotype = Genotype(normal=[('sep_conv_3x3', 1), ('sep_conv_3x3', 0), ('sep_conv_3x3', 0), ('sep_conv_3x3', 1), ('sep_conv_3x3', 0), ('dil_conv_3x3', 3), ('dil_conv_3x3', 4), ('dil_conv_3x3', 2)], normal_concat=range(2, 6), reduce=[('avg_pool_3x3', 1), ('max_pool_3x3', 0), ('skip_connect', 2), ('max_pool_3x3', 1), ('skip_connect', 2), ('skip_connect', 3), ('skip_connect', 2), ('skip_connect', 3)], reduce_concat=range(2, 6))
2021-05-27 19:27:31,243 normal_alphas = tensor([[0.1570, 0.0970, 0.0972, 0.1190, 0.1374, 0.1300, 0.1334, 0.1289],
        [0.1607, 0.0944, 0.0954, 0.1035, 0.1498, 0.1293, 0.1395, 0.1275],
        [0.1587, 0.0936, 0.0926, 0.0981, 0.1494, 0.1413, 0.1338, 0.1325],
        [0.1633, 0.0930, 0.0931, 0.0967, 0.1493, 0.1352, 0.1421, 0.1274],
        [0.1589, 0.0900, 0.0898, 0.0916, 0.1455, 0.1438, 0.1406, 0.1398],
        [0.1609, 0.0912, 0.0905, 0.0928, 0.1499, 0.1322, 0.1398, 0.1428],
        [0.1607, 0.0893, 0.0890, 0.0897, 0.1423, 0.1396, 0.1445, 0.1449],
        [0.1593, 0.0887, 0.0884, 0.0887, 0.1454, 0.1401, 0.1485, 0.1408],
        [0.1585, 0.0883, 0.0879, 0.0884, 0.1386, 0.1447, 0.1488, 0.1449],
        [0.1599, 0.0900, 0.0892, 0.0909, 0.1454, 0.1344, 0.1461, 0.1441],
        [0.1614, 0.0888, 0.0883, 0.0888, 0.1392, 0.1396, 0.1474, 0.1464],
        [0.1590, 0.0885, 0.0884, 0.0888, 0.1445, 0.1370, 0.1478, 0.1461],
        [0.1591, 0.0886, 0.0881, 0.0890, 0.1473, 0.1437, 0.1374, 0.1467],
        [0.1565, 0.0873, 0.0871, 0.0880, 0.1391, 0.1481, 0.1495, 0.1444]],
       device='cuda:0', grad_fn=<SoftmaxBackward>)
2021-05-27 19:27:31,253 reduce_alphas = tensor([[0.1570, 0.0970, 0.0972, 0.1190, 0.1374, 0.1300, 0.1334, 0.1289],
        [0.1607, 0.0944, 0.0954, 0.1035, 0.1498, 0.1293, 0.1395, 0.1275],
        [0.1587, 0.0936, 0.0926, 0.0981, 0.1494, 0.1413, 0.1338, 0.1325],
        [0.1633, 0.0930, 0.0931, 0.0967, 0.1493, 0.1352, 0.1421, 0.1274],
        [0.1589, 0.0900, 0.0898, 0.0916, 0.1455, 0.1438, 0.1406, 0.1398],
        [0.1609, 0.0912, 0.0905, 0.0928, 0.1499, 0.1322, 0.1398, 0.1428],
        [0.1607, 0.0893, 0.0890, 0.0897, 0.1423, 0.1396, 0.1445, 0.1449],
        [0.1593, 0.0887, 0.0884, 0.0887, 0.1454, 0.1401, 0.1485, 0.1408],
        [0.1585, 0.0883, 0.0879, 0.0884, 0.1386, 0.1447, 0.1488, 0.1449],
        [0.1599, 0.0900, 0.0892, 0.0909, 0.1454, 0.1344, 0.1461, 0.1441],
        [0.1614, 0.0888, 0.0883, 0.0888, 0.1392, 0.1396, 0.1474, 0.1464],
        [0.1590, 0.0885, 0.0884, 0.0888, 0.1445, 0.1370, 0.1478, 0.1461],
        [0.1591, 0.0886, 0.0881, 0.0890, 0.1473, 0.1437, 0.1374, 0.1467],
        [0.1565, 0.0873, 0.0871, 0.0880, 0.1391, 0.1481, 0.1495, 0.1444]],
       device='cuda:0', grad_fn=<SoftmaxBackward>)
2021-05-27 19:27:33,143 train 000 7.286311e+00 3.125000 7.812500
2021-05-27 19:28:54,336 train 050 7.247821e+00 1.409314 4.748775
2021-05-27 19:30:15,488 train 100 7.286448e+00 1.129332 4.362624
2021-05-27 19:31:36,524 train 150 7.321919e+00 1.065811 4.097682
2021-05-27 19:32:59,911 train 200 7.347297e+00 0.995025 3.847948
2021-05-27 19:34:16,838 train 250 7.371579e+00 0.908865 3.573207
2021-05-27 19:35:33,989 train 300 7.395851e+00 0.846138 3.363787
2021-05-27 19:36:51,001 train 350 7.424428e+00 0.765670 3.133903
2021-05-27 19:38:08,558 train 400 7.452926e+00 0.693579 2.941864
2021-05-27 19:39:25,938 train 450 7.480739e+00 0.654795 2.795870
2021-05-27 19:39:57,301 train_acc 0.636667
2021-05-27 19:39:57,869 valid 000 9.548831e+00 0.000000 0.000000
2021-05-27 19:40:06,894 valid 050 9.258609e+00 0.000000 0.183824
2021-05-27 19:40:15,423 valid 100 9.274970e+00 0.030941 0.139233
2021-05-27 19:40:24,095 valid 150 9.273995e+00 0.031043 0.144868
2021-05-27 19:40:32,774 valid 200 9.271525e+00 0.038868 0.163246
2021-05-27 19:40:41,603 valid 250 9.263736e+00 0.043576 0.161853
2021-05-27 19:40:50,208 valid 300 9.258098e+00 0.041528 0.166113
2021-05-27 19:40:58,827 valid 350 9.259467e+00 0.044516 0.160256
2021-05-27 19:41:07,476 valid 400 9.261874e+00 0.038965 0.148067
2021-05-27 19:41:16,038 valid 450 9.264849e+00 0.034645 0.145510
2021-05-27 19:41:19,253 valid_acc 0.033333
2021-05-27 19:41:19,597 epoch 8 lr 2.483195e-02
2021-05-27 19:41:19,599 genotype = Genotype(normal=[('sep_conv_3x3', 1), ('sep_conv_3x3', 0), ('sep_conv_3x3', 0), ('sep_conv_3x3', 1), ('sep_conv_3x3', 0), ('dil_conv_3x3', 3), ('dil_conv_3x3', 4), ('dil_conv_3x3', 2)], normal_concat=range(2, 6), reduce=[('avg_pool_3x3', 1), ('max_pool_3x3', 0), ('skip_connect', 2), ('max_pool_3x3', 1), ('skip_connect', 2), ('skip_connect', 3), ('skip_connect', 2), ('skip_connect', 3)], reduce_concat=range(2, 6))
2021-05-27 19:41:19,599 normal_alphas = tensor([[0.1788, 0.0849, 0.0849, 0.1128, 0.1430, 0.1325, 0.1390, 0.1243],
        [0.1834, 0.0804, 0.0809, 0.0897, 0.1648, 0.1281, 0.1481, 0.1245],
        [0.1820, 0.0800, 0.0791, 0.0856, 0.1633, 0.1449, 0.1343, 0.1309],
        [0.1910, 0.0791, 0.0787, 0.0830, 0.1627, 0.1361, 0.1480, 0.1215],
        [0.1827, 0.0758, 0.0755, 0.0781, 0.1537, 0.1503, 0.1448, 0.1390],
        [0.1873, 0.0776, 0.0767, 0.0800, 0.1625, 0.1247, 0.1438, 0.1474],
        [0.1850, 0.0743, 0.0736, 0.0745, 0.1493, 0.1381, 0.1539, 0.1513],
        [0.1848, 0.0744, 0.0739, 0.0753, 0.1541, 0.1408, 0.1563, 0.1402],
        [0.1822, 0.0736, 0.0731, 0.0739, 0.1406, 0.1486, 0.1576, 0.1505],
        [0.1864, 0.0762, 0.0753, 0.0774, 0.1543, 0.1277, 0.1533, 0.1495],
        [0.1889, 0.0741, 0.0733, 0.0741, 0.1429, 0.1365, 0.1566, 0.1535],
        [0.1848, 0.0740, 0.0737, 0.0750, 0.1508, 0.1308, 0.1576, 0.1533],
        [0.1846, 0.0739, 0.0734, 0.0746, 0.1570, 0.1475, 0.1347, 0.1542],
        [0.1785, 0.0717, 0.0714, 0.0725, 0.1429, 0.1551, 0.1589, 0.1490]],
       device='cuda:0', grad_fn=<SoftmaxBackward>)
2021-05-27 19:41:19,612 reduce_alphas = tensor([[0.1788, 0.0849, 0.0849, 0.1128, 0.1430, 0.1325, 0.1390, 0.1243],
        [0.1834, 0.0804, 0.0809, 0.0897, 0.1648, 0.1281, 0.1481, 0.1245],
        [0.1820, 0.0800, 0.0791, 0.0856, 0.1633, 0.1449, 0.1343, 0.1309],
        [0.1910, 0.0791, 0.0787, 0.0830, 0.1627, 0.1361, 0.1480, 0.1215],
        [0.1827, 0.0758, 0.0755, 0.0781, 0.1537, 0.1503, 0.1448, 0.1390],
        [0.1873, 0.0776, 0.0767, 0.0800, 0.1625, 0.1247, 0.1438, 0.1474],
        [0.1850, 0.0743, 0.0736, 0.0745, 0.1493, 0.1381, 0.1539, 0.1513],
        [0.1848, 0.0744, 0.0739, 0.0753, 0.1541, 0.1408, 0.1563, 0.1402],
        [0.1822, 0.0736, 0.0731, 0.0739, 0.1406, 0.1486, 0.1576, 0.1505],
        [0.1864, 0.0762, 0.0753, 0.0774, 0.1543, 0.1277, 0.1533, 0.1495],
        [0.1889, 0.0741, 0.0733, 0.0741, 0.1429, 0.1365, 0.1566, 0.1535],
        [0.1848, 0.0740, 0.0737, 0.0750, 0.1508, 0.1308, 0.1576, 0.1533],
        [0.1846, 0.0739, 0.0734, 0.0746, 0.1570, 0.1475, 0.1347, 0.1542],
        [0.1785, 0.0717, 0.0714, 0.0725, 0.1429, 0.1551, 0.1589, 0.1490]],
       device='cuda:0', grad_fn=<SoftmaxBackward>)
2021-05-27 19:41:21,399 train 000 7.336291e+00 0.000000 3.125000
2021-05-27 19:42:39,220 train 050 6.988680e+00 1.899510 6.403186
2021-05-27 19:43:56,648 train 100 7.030575e+00 1.701733 5.785891
2021-05-27 19:45:15,042 train 150 7.074903e+00 1.500414 5.204884
2021-05-27 19:46:32,717 train 200 7.106632e+00 1.407027 4.850746
2021-05-27 19:47:49,786 train 250 7.143999e+00 1.288596 4.525647
2021-05-27 19:49:06,682 train 300 7.176005e+00 1.204319 4.272218
2021-05-27 19:50:24,245 train 350 7.211398e+00 1.130698 3.966346
2021-05-27 19:51:41,992 train 400 7.249392e+00 1.063747 3.740648
2021-05-27 19:53:00,217 train 450 7.276437e+00 1.022034 3.568459
2021-05-27 19:53:27,780 train_acc 1.010000
2021-05-27 19:53:28,197 valid 000 9.398401e+00 0.000000 0.000000
2021-05-27 19:53:36,918 valid 050 9.342195e+00 0.000000 0.153186
2021-05-27 19:53:45,596 valid 100 9.362245e+00 0.015470 0.185644
2021-05-27 19:53:54,142 valid 150 9.367764e+00 0.010348 0.165563
2021-05-27 19:54:02,815 valid 200 9.367515e+00 0.023321 0.171020
2021-05-27 19:54:11,521 valid 250 9.369988e+00 0.024900 0.161853
2021-05-27 19:54:20,330 valid 300 9.375224e+00 0.025955 0.160922
2021-05-27 19:54:29,134 valid 350 9.374889e+00 0.026709 0.160256
2021-05-27 19:54:37,906 valid 400 9.368863e+00 0.023379 0.155860
2021-05-27 19:54:46,605 valid 450 9.362932e+00 0.020787 0.145510
2021-05-27 19:54:49,807 valid_acc 0.020000
2021-05-27 19:54:50,221 epoch 9 lr 2.478745e-02
2021-05-27 19:54:50,223 genotype = Genotype(normal=[('sep_conv_3x3', 1), ('sep_conv_3x3', 0), ('sep_conv_3x3', 0), ('sep_conv_3x3', 1), ('sep_conv_3x3', 0), ('dil_conv_3x3', 2), ('dil_conv_3x3', 4), ('sep_conv_3x3', 3)], normal_concat=range(2, 6), reduce=[('avg_pool_3x3', 1), ('max_pool_3x3', 0), ('skip_connect', 2), ('max_pool_3x3', 1), ('skip_connect', 2), ('skip_connect', 3), ('skip_connect', 2), ('skip_connect', 3)], reduce_concat=range(2, 6))
2021-05-27 19:54:50,224 normal_alphas = tensor([[0.2056, 0.0742, 0.0744, 0.1066, 0.1477, 0.1311, 0.1454, 0.1151],
        [0.2090, 0.0688, 0.0689, 0.0779, 0.1795, 0.1236, 0.1561, 0.1164],
        [0.2105, 0.0689, 0.0679, 0.0749, 0.1793, 0.1431, 0.1316, 0.1238],
        [0.2248, 0.0676, 0.0669, 0.0713, 0.1755, 0.1313, 0.1502, 0.1125],
        [0.2131, 0.0646, 0.0643, 0.0677, 0.1622, 0.1527, 0.1439, 0.1316],
        [0.2211, 0.0664, 0.0655, 0.0686, 0.1744, 0.1128, 0.1437, 0.1474],
        [0.2170, 0.0628, 0.0618, 0.0629, 0.1524, 0.1317, 0.1602, 0.1513],
        [0.2178, 0.0631, 0.0627, 0.0647, 0.1578, 0.1368, 0.1628, 0.1343],
        [0.2129, 0.0619, 0.0614, 0.0622, 0.1409, 0.1463, 0.1627, 0.1517],
        [0.2226, 0.0652, 0.0642, 0.0662, 0.1604, 0.1164, 0.1604, 0.1446],
        [0.2264, 0.0632, 0.0622, 0.0632, 0.1451, 0.1270, 0.1597, 0.1533],
        [0.2196, 0.0626, 0.0624, 0.0644, 0.1553, 0.1177, 0.1624, 0.1557],
        [0.2192, 0.0624, 0.0619, 0.0631, 0.1635, 0.1504, 0.1264, 0.1531],
        [0.2072, 0.0594, 0.0591, 0.0601, 0.1433, 0.1586, 0.1655, 0.1467]],
       device='cuda:0', grad_fn=<SoftmaxBackward>)
2021-05-27 19:54:50,234 reduce_alphas = tensor([[0.2056, 0.0742, 0.0744, 0.1066, 0.1477, 0.1311, 0.1454, 0.1151],
        [0.2090, 0.0688, 0.0689, 0.0779, 0.1795, 0.1236, 0.1561, 0.1164],
        [0.2105, 0.0689, 0.0679, 0.0749, 0.1793, 0.1431, 0.1316, 0.1238],
        [0.2248, 0.0676, 0.0669, 0.0713, 0.1755, 0.1313, 0.1502, 0.1125],
        [0.2131, 0.0646, 0.0643, 0.0677, 0.1622, 0.1527, 0.1439, 0.1316],
